5000 44.8480 85.3380 45.8260 45.3250 10.5260
10000 339.5440 556.4850 253.5630 260.3910 37.7560
15000 1424.0540 1606.7860 628.8230 635.3960 79.4490
20000 2484.3390 2841.0390 1302.8580 1282.8850 87.3700
25000 3852.8470 4459.9710 2175.0250 2150.7100 127.9530
30000 5823.1930 6549.1610 3407.4280 3394.1070 164.6780
35000 8217.2530 9125.6950 4973.9320 4976.3000 200.3740
40000 10939.7870 11881.7030 6824.7610 6808.0130 298.8350
45000 14004.3520 15269.1510 9069.7400 9060.6160 263.1940
50000 17753.9050 19078.9840 11784.3950 11834.0600 320.6690
